num crossings	time (s)	maj axis (mm)	min axis (mm)	theta (rad )	slope (V/s)
1955	3012.199787	126.323804	6.751213	-1.531335	45.624706
1957	3014.267684	125.959945	2.413635	-1.519672	44.189580
1959	3016.335289	126.827799	7.718246	-1.533330	44.073517
1961	3018.402205	123.222359	5.033124	-1.523369	43.814830
1963	3020.468600	122.629942	5.077944	-1.523236	44.677921
1965	3022.535085	120.676574	5.356573	-1.525533	43.490553
1967	3024.601402	122.840660	4.885044	-1.523764	43.819654
1969	3026.667499	122.338777	4.911788	-1.529172	43.880587
1971	3028.733813	123.827353	3.100787	-1.514689	43.188950
1973	3030.799668	125.154453	7.826158	-1.528003	43.298300
1975	3032.865207	123.948177	3.573074	-1.508194	43.008176
1977	3034.930415	124.061417	3.237831	-1.513715	42.655123
1979	3036.995055	124.153313	3.465972	-1.507478	43.530792
1981	3039.059677	124.046868	3.269313	-1.505326	42.979750
1983	3041.124409	124.426379	8.290478	-1.515643	42.883111
1985	3043.189602	121.310227	5.514063	-1.508490	42.618163
1987	3045.255359	120.560006	5.821716	-1.503572	42.364977
1989	3047.321906	123.338085	8.178652	-1.511835	42.050432
1991	3049.388961	120.234791	5.917922	-1.508284	42.126269
1993	3051.456601	119.339098	5.997836	-1.498737	42.110968
1995	3053.524519	119.740087	6.091550	-1.501302	42.975525
1997	3055.592328	122.751446	8.885765	-1.512350	42.411398
1999	3057.659878	119.525826	6.242033	-1.507396	42.001602
2001	3059.726957	121.469817	4.461763	-1.489338	41.470155
2003	3061.793997	121.733347	8.937512	-1.502628	41.664627
2005	3063.860805	118.503275	6.573396	-1.497189	41.320233
2007	3065.927034	123.011418	10.010496	-1.504840	42.168991
2009	3067.993394	120.765078	4.691177	-1.491119	41.163014
2011	3070.059744	120.622858	4.828909	-1.488434	41.084804
2013	3072.125795	122.111178	10.273984	-1.502553	41.151601
2015	3074.191562	120.566731	4.928679	-1.480422	41.002333
2017	3076.256989	121.763963	10.541815	-1.497878	40.819808
2019	3078.322176	118.089521	7.268644	-1.487544	40.706520
2021	3080.387033	120.611275	9.635803	-1.491518	41.680651
2023	3082.451830	119.686244	5.731225	-1.469589	40.207958
2025	3084.516514	119.615239	5.636725	-1.480915	39.923390
2027	3086.581623	117.280200	7.220122	-1.474284	40.186855
2029	3088.647100	118.306775	6.402865	-1.460371	40.236671
2031	3090.713095	118.713248	5.753067	-1.468841	40.468906
2033	3092.779718	116.963489	7.633914	-1.479385	42.100936
2037	3096.914289	116.562818	7.594800	-1.475969	39.750384
2039	3098.981886	117.971810	6.015247	-1.468002	39.752148
2041	3101.049541	117.629552	6.213698	-1.462814	39.171603
2043	3103.117130	116.538978	7.833296	-1.473457	38.556752
2045	3105.184382	118.024844	5.968754	-1.462846	38.702619
2047	3107.251425	118.217327	11.099225	-1.465636	38.484294
2049	3109.318056	117.595011	10.918301	-1.462553	39.670042
2051	3111.384454	114.999757	8.447930	-1.467989	39.022241
2053	3113.450744	118.265727	11.411040	-1.464024	38.156789
2055	3115.516844	116.513771	6.661613	-1.453151	37.806934
2057	3117.582882	114.680735	8.584372	-1.459200	38.720084
2059	3119.648215	116.378006	6.928072	-1.448101	36.822211
2061	3121.713979	116.302966	6.922527	-1.446983	37.541001
2063	3123.779287	115.743189	7.258615	-1.445344	37.544395
2065	3125.844319	115.734017	7.268937	-1.444521	37.874244
2067	3127.909134	115.808956	7.422287	-1.441185	38.065669
2069	3129.974008	115.876779	7.109078	-1.437620	37.964315
2071	3132.038860	114.314698	9.020696	-1.441749	36.777619
2073	3134.103951	115.239100	7.395384	-1.434497	37.092069
2075	3136.169265	113.346351	9.216069	-1.434201	36.858324
2077	3138.234987	112.871446	9.370796	-1.433309	36.415381
2079	3140.301361	115.673497	12.599988	-1.435618	37.900144
2081	3142.367650	112.937265	9.539629	-1.428333	37.689059
2083	3144.434853	112.203168	9.694666	-1.428583	37.476718
2085	3146.501938	114.118138	8.016864	-1.424600	37.456050
2087	3148.568946	112.060678	9.949350	-1.422142	36.703291
2089	3150.636386	111.334867	9.848489	-1.416990	37.533803
2091	3152.703325	113.814434	8.470598	-1.413665	36.830195
2093	3154.770230	115.050919	13.314034	-1.425959	36.186897
2095	3156.836937	112.934471	8.676425	-1.410687	36.898483
2097	3158.903463	113.674172	13.276763	-1.415744	37.045736
2099	3160.969739	111.560914	10.522384	-1.414030	36.933710
2101	3163.035820	112.525061	8.922263	-1.406843	35.968158
2103	3165.101669	112.737144	9.029057	-1.404155	35.912496
2105	3167.167327	113.538419	13.822974	-1.411100	35.566709
2107	3169.232622	111.809292	9.612210	-1.392265	35.633521
2109	3171.298120	111.931381	9.410102	-1.399033	35.616570
2111	3173.363296	113.138118	14.127045	-1.405732	36.760374
2113	3175.428215	110.654919	11.002542	-1.394538	34.606495
2115	3177.493525	109.694497	11.239343	-1.393007	35.097604
2117	3179.558661	110.080999	11.074585	-1.389726	35.442174
2119	3181.623952	109.793988	11.426869	-1.389202	34.890664
2121	3183.689576	110.499678	10.332939	-1.379034	34.686538
2123	3185.755772	110.554254	10.097224	-1.380930	34.963414
2125	3187.821890	109.096186	11.743066	-1.383295	32.855291
2127	3189.888557	111.436705	9.788808	-1.382642	33.304404
2129	3191.955345	110.411625	10.066947	-1.374638	32.679270
2131	3194.022077	110.062462	10.145772	-1.375002	33.245417
2133	3196.089116	112.186685	16.926834	-1.385370	32.318705
2135	3198.156532	108.889004	12.091511	-1.375385	32.510058
2137	3200.223368	108.757705	12.255493	-1.374243	32.205715
2139	3202.290391	109.980274	10.737031	-1.370038	32.318572
2141	3204.357429	109.086894	11.015965	-1.360342	31.278725
2143	3206.424272	110.611473	15.739744	-1.363977	31.717950
2145	3208.490845	110.463935	15.550854	-1.363127	30.989294
2147	3210.557226	109.132651	11.126616	-1.351264	31.446458
2149	3212.623404	107.697895	12.940686	-1.358559	32.542928
2151	3214.689377	108.089203	12.788419	-1.359446	31.450762
2153	3216.755381	107.886395	11.674526	-1.339959	30.803370
2155	3218.821165	108.220720	11.510634	-1.345454	31.990747
2157	3220.886497	107.829757	11.691911	-1.340249	31.005948
2159	3222.951979	108.497904	11.386626	-1.341098	30.473193
2161	3225.017453	107.889076	11.621242	-1.337978	29.714850
2163	3227.082605	107.383588	12.236638	-1.333876	30.283428
2165	3229.147693	106.665122	13.197104	-1.336175	30.196425
2167	3231.212655	107.845162	11.613386	-1.329197	30.467480
2169	3233.277670	107.202278	11.589137	-1.323965	29.162598
2171	3235.342675	108.041876	11.833500	-1.323587	29.912438
2173	3237.407804	107.422641	11.873080	-1.314169	30.071648
2175	3239.473072	106.730056	11.952204	-1.314302	30.375933
2177	3241.538482	107.186305	11.945798	-1.316212	29.743559
2179	3243.604044	107.283892	11.812279	-1.312048	29.843497
2181	3245.669783	106.441662	12.207165	-1.304229	30.562249
2183	3247.735889	106.559743	12.118702	-1.306048	29.778916
2185	3249.802091	107.130275	17.201847	-1.309481	30.838821
2187	3251.868317	107.019963	17.450784	-1.305013	30.113781
2189	3253.935030	106.749390	17.608364	-1.301311	30.002546
2191	3256.001683	103.819137	14.661833	-1.296074	30.417902
2193	3258.068104	103.028246	14.808819	-1.291845	30.315229
2195	3260.134760	105.955071	17.624120	-1.295937	29.755490
2197	3262.201520	102.919064	15.048529	-1.285709	29.289762
2199	3264.267721	105.585668	18.250202	-1.286877	30.141263
2201	3266.333917	105.807058	17.751792	-1.288063	29.379460
2203	3268.400127	105.272782	18.063946	-1.283438	28.726592
2205	3270.466111	105.292681	18.130115	-1.279649	28.879345
2207	3272.532028	105.184404	18.262974	-1.278738	29.389412
2209	3274.597699	105.509731	18.868287	-1.273972	29.059020
2211	3276.663228	104.715814	18.308454	-1.271745	29.106542
2213	3278.728566	104.663660	18.493948	-1.269022	27.947228
2215	3280.794045	104.204962	14.206668	-1.260954	28.442634
2217	3282.859494	101.775966	16.051305	-1.255382	27.733119
2219	3284.924709	101.842685	16.170547	-1.253481	27.465448
2221	3286.990143	101.677961	16.286375	-1.250159	27.967691
2223	3289.055780	101.321720	16.357382	-1.246888	27.778234
2225	3291.121545	103.786218	20.238856	-1.251624	26.009219
2227	3293.187651	103.360774	14.336273	-1.243552	26.635675
2229	3295.253494	103.359479	14.384316	-1.241239	25.918840
2231	3297.319714	103.684291	20.080880	-1.239230	25.426453
2233	3299.385993	103.587188	14.511616	-1.235428	25.762843
2235	3301.452381	103.106985	19.915824	-1.231140	24.901167
2237	3303.518663	102.536646	15.160877	-1.224384	24.140694
2239	3305.585450	102.846406	15.078986	-1.224897	23.790445
2241	3307.651939	102.620038	15.073027	-1.223024	23.282646
2243	3309.718551	101.966968	15.319096	-1.216896	23.373622
2245	3311.784733	102.095293	15.195439	-1.211714	23.853773
2247	3313.851317	102.301008	15.389720	-1.215008	22.622708
2249	3315.917759	101.796214	15.574547	-1.207375	22.823647
2251	3317.984213	99.058115	18.107503	-1.200452	22.770226
2253	3320.050654	101.868213	15.521604	-1.200728	23.370151
2255	3322.116648	101.231920	15.806731	-1.195880	23.087080
2257	3324.183423	101.038458	16.048384	-1.193957	22.592288
2259	3326.249685	101.118484	15.957824	-1.187661	22.897193
2261	3328.315919	101.568321	15.876253	-1.183832	21.585457
2263	3330.382004	100.814731	16.161147	-1.180079	21.599070
2265	3332.448197	100.537015	16.482969	-1.178828	21.558777
2267	3334.514045	100.899244	16.326638	-1.175480	21.494891
2269	3336.579871	100.337649	16.608383	-1.171962	21.191270
2271	3338.645781	100.430993	16.643093	-1.169968	21.593650
2273	3340.711519	99.828708	17.037174	-1.161436	21.001801
2275	3342.777112	99.911619	16.889536	-1.160332	21.341752
2277	3344.842915	98.101140	19.076475	-1.156385	20.647569
2279	3346.908266	99.683793	17.148902	-1.153767	20.546047
2281	3348.973954	99.433085	17.178108	-1.149041	20.383573
2283	3351.039686	99.638054	17.328547	-1.147785	20.192743
2285	3353.105014	99.228566	17.471141	-1.144574	19.667444
2287	3355.170561	98.957113	17.643175	-1.134919	20.355344
2289	3357.235759	99.133534	17.471616	-1.134604	20.239849
2291	3359.300825	99.208203	17.557313	-1.131732	19.894187
2293	3361.366393	98.760989	17.627458	-1.126627	19.441458
2295	3363.432182	98.702895	17.780152	-1.123798	19.846842
2297	3365.497588	98.268233	18.000549	-1.120001	19.048898
2299	3367.562840	98.298052	17.960065	-1.116345	19.493117
2301	3369.628381	98.197031	22.411141	-1.109699	19.086240
2303	3371.693844	97.761879	18.293779	-1.104159	19.387794
2305	3373.759338	95.224644	20.407166	-1.098842	19.479754
2309	3377.890554	97.540872	23.084023	-1.092003	18.811345
2311	3379.956298	97.584401	23.052069	-1.090844	19.525697
2313	3382.022267	97.185904	23.105650	-1.086863	19.695443
2315	3384.088224	97.067691	23.247880	-1.083974	19.517524
2317	3386.154584	96.998227	23.483162	-1.079080	19.673550
2319	3388.220841	96.728867	23.486185	-1.077540	19.611903
2321	3390.287147	96.407245	23.400397	-1.072643	19.854388
2323	3392.353761	96.438589	23.562793	-1.070158	19.274260
2325	3394.420444	96.078161	23.713247	-1.065237	18.979734
2327	3396.486884	95.904734	23.919831	-1.059869	19.141095
2329	3398.553409	95.796172	23.982254	-1.056659	19.632768
2331	3400.619612	95.517750	24.074116	-1.052811	19.329851
2333	3402.685953	95.554233	24.273787	-1.049432	19.314274
2335	3404.751838	95.281911	24.564865	-1.043100	19.124537
2337	3406.817229	95.079181	24.695386	-1.035131	17.930527
2339	3408.882706	94.950495	24.584874	-1.037605	18.370833
2341	3410.949053	94.810942	24.809166	-1.030638	18.162401
2343	3413.014447	94.527060	24.817880	-1.027349	17.487076
2345	3415.079752	94.292974	25.216734	-1.016715	17.328518
2347	3417.145314	94.063958	25.284512	-1.015162	16.461668
2349	3419.210890	94.172593	25.340228	-1.014241	15.759393
2351	3421.276778	94.184338	25.865576	-1.006339	15.972426
2353	3423.342735	94.041665	25.906676	-1.002932	16.058875
2355	3425.408030	93.978156	26.072783	-0.998464	14.580940
2357	3427.474708	93.690869	26.283734	-0.990947	14.279461
2359	3429.541084	93.580898	26.461526	-0.984482	14.353888
2361	3431.606942	93.373993	26.584091	-0.979339	13.871533
2363	3433.673602	93.406314	26.752883	-0.975465	13.529260
2365	3435.739701	93.315278	26.932601	-0.969718	13.253539
2367	3437.806117	93.243137	27.141377	-0.965491	13.254412
2369	3439.872171	92.464917	22.757129	-0.963307	12.432474
2371	3441.938817	92.903548	27.297164	-0.953024	12.450811
2373	3444.004793	92.050884	23.142017	-0.955752	12.233291
2375	3446.070693	92.534905	27.611882	-0.943117	12.036364
2377	3448.136858	92.521029	27.529403	-0.939816	11.790546
2379	3450.202400	92.023054	27.582591	-0.935317	11.559937
2381	3452.268675	91.682456	27.779183	-0.927352	11.723538
2383	3454.334359	91.741101	27.818713	-0.924473	12.064694
2385	3456.400269	91.588185	27.981006	-0.919893	11.403847
2387	3458.465717	91.175344	28.071848	-0.913559	11.442776
2389	3460.532120	91.093147	28.270533	-0.909947	11.578772
2391	3462.598435	91.002371	28.444512	-0.902939	11.108158
2393	3464.664537	90.840667	28.748132	-0.896787	11.376585
2395	3466.730784	89.933066	24.846834	-0.898236	11.369826
2397	3468.797173	90.297528	28.939616	-0.886905	11.430746
2399	3470.863936	90.299997	28.972793	-0.884421	11.672399
2401	3472.930965	89.010316	25.526902	-0.884453	11.383302
2403	3474.997355	90.025593	29.236635	-0.877401	11.670040
2405	3477.064444	89.717588	29.407360	-0.869169	11.290117
2407	3479.131488	89.676063	29.590759	-0.867614	11.090610
2409	3481.197606	89.390753	29.695081	-0.863202	11.129102
2411	3483.263957	89.193924	30.009012	-0.849390	11.001033
2413	3485.330453	87.788602	26.731340	-0.852568	10.672541
2415	3487.396440	88.912040	30.403554	-0.843886	10.116422
2417	3489.462562	88.874056	30.638662	-0.838627	10.291565
2419	3491.527763	87.468157	27.222988	-0.836793	9.348233
2421	3493.593845	88.715398	31.096440	-0.828451	9.008938
2423	3495.659413	87.023443	27.550328	-0.826763	8.721114
2425	3497.725542	88.085458	31.684150	-0.809595	8.654078
2427	3499.792037	86.718449	27.821057	-0.814054	8.162233
2429	3501.857792	87.945067	32.083030	-0.799330	8.008259
2431	3503.924578	86.466612	28.123017	-0.802371	7.489585
2433	3505.990373	87.454776	32.434088	-0.786424	7.145701
2435	3508.058063	87.175536	32.539291	-0.778230	6.667429
2437	3510.124439	85.737914	28.699160	-0.781511	6.649683
2439	3512.190364	86.852169	32.723012	-0.768771	6.505674
2441	3514.258705	85.391893	29.092777	-0.772903	6.152606
